mean_K	mean_H	FST	FST_2_1	
0	0	0.0802446	0.0802446	
0	0	0.0214411	0.0214411	
0	0	-0.0288982	-0.0288982	
0	0	-0.00634882	-0.00634882	
0	0	0.145836	0.145836	
0	0	-0.0194571	-0.0194571	
0	0	0.0331875	0.0331875	
0	0	-0.0351187	-0.0351187	
0	0	0.0627963	0.0627963	
0	0	0.0167352	0.0167352	
0	0	-0.0230499	-0.0230499	
0	0	0.0199222	0.0199222	
0	0	0.0319124	0.0319124	
0	0	0.0100528	0.0100528	
0	0	0.116407	0.116407	
0	0	-0.0127346	-0.0127346	
0	0	0.0348866	0.0348866	
0	0	-0.00265088	-0.00265088	
0	0	0.0224062	0.0224062	
0	0	0.0311956	0.0311956	
0	0	0.0942591	0.0942591	
0	0	0.112473	0.112473	
0	0	-0.0116161	-0.0116161	
0	0	0.0632142	0.0632142	
0	0	-0.00131857	-0.00131857	
0	0	0.0940494	0.0940494	
0	0	0.0100749	0.0100749	
0	0	0.171123	0.171123	
0	0	-0.0363354	-0.0363354	
0	0	0.0155602	0.0155602	
0	0	-0.0344268	-0.0344268	
0	0	-0.0179331	-0.0179331	
0	0	0.146337	0.146337	
0	0	0.0456951	0.0456951	
0	0	0.179739	0.179739	
0	0	0.00197863	0.00197863	
0	0	-0.00665223	-0.00665223	
0	0	0.120052	0.120052	
0	0	-0.00534914	-0.00534914	
0	0	0.0723116	0.0723116	
0	0	-0.0132572	-0.0132572	
0	0	0.0987368	0.0987368	
0	0	0.0168908	0.0168908	
0	0	0.0358689	0.0358689	
0	0	0.112487	0.112487	
0	0	0.241684	0.241684	
0	0	-0.0234071	-0.0234071	
0	0	0.0317476	0.0317476	
0	0	0.0759381	0.0759381	
0	0	-0.0177732	-0.0177732	
0	0	0.015942	0.015942	
0	0	0.00304276	0.00304276	
0	0	0.0274524	0.0274524	
0	0	0.0856084	0.0856084	
0	0	0.0510847	0.0510847	
0	0	-0.0143276	-0.0143276	
0	0	-0.0268088	-0.0268088	
0	0	0.0647984	0.0647984	
0	0	-0.0397679	-0.0397679	
0	0	0.00658522	0.00658522	
0	0	0.110785	0.110785	
0	0	0.0145577	0.0145577	
0	0	-0.0274265	-0.0274265	
0	0	-0.0225749	-0.0225749	
0	0	0.10538	0.10538	
0	0	0.00908982	0.00908982	
0	0	0.041534	0.041534	
0	0	0.00435834	0.00435834	
0	0	0.042092	0.042092	
0	0	8.22767e-05	8.22767e-05	
0	0	-0.0155958	-0.0155958	
0	0	0.0673972	0.0673972	
0	0	0.106377	0.106377	
0	0	0.00141552	0.00141552	
0	0	0.0428825	0.0428825	
0	0	0.0346789	0.0346789	
0	0	0.0144193	0.0144193	
0	0	0.0707385	0.0707385	
0	0	-0.0329028	-0.0329028	
0	0	0.0296511	0.0296511	
0	0	0.00611437	0.00611437	
0	0	0.0678057	0.0678057	
0	0	0.0704617	0.0704617	
0	0	0.0776914	0.0776914	
0	0	-0.0200553	-0.0200553	
0	0	0.00194154	0.00194154	
0	0	0.0290516	0.0290516	
0	0	0.0179624	0.0179624	
0	0	-0.0145661	-0.0145661	
0	0	-0.0380494	-0.0380494	
0	0	0.0476357	0.0476357	
0	0	-0.0224474	-0.0224474	
0	0	0.0591824	0.0591824	
0	0	0.0463757	0.0463757	
0	0	-0.0323213	-0.0323213	
0	0	-0.0271253	-0.0271253	
0	0	-0.0235162	-0.0235162	
0	0	0.0734684	0.0734684	
0	0	-0.0289151	-0.0289151	
0	0	0.0014303	0.0014303	
0	0	-0.0347722	-0.0347722	
0	0	0.0883799	0.0883799	
0	0	-0.0113551	-0.0113551	
0	0	0.0245892	0.0245892	
0	0	0.0260344	0.0260344	
0	0	0.0250097	0.0250097	
0	0	0.0371775	0.0371775	
0	0	-0.0101792	-0.0101792	
0	0	0.107376	0.107376	
0	0	-0.0284713	-0.0284713	
0	0	0.050986	0.050986	
0	0	-0.0107312	-0.0107312	
0	0	0.0530056	0.0530056	
0	0	0.0385257	0.0385257	
0	0	0.0338034	0.0338034	
0	0	0.0252037	0.0252037	
0	0	0.0752453	0.0752453	
0	0	0.0186761	0.0186761	
0	0	0.0633127	0.0633127	
0	0	-0.0128127	-0.0128127	
0	0	0.0642692	0.0642692	
0	0	0.0478757	0.0478757	
0	0	-0.000671206	-0.000671206	
0	0	0.272989	0.272989	
0	0	0.110121	0.110121	
0	0	-0.0139916	-0.0139916	
0	0	-0.00144739	-0.00144739	
0	0	-0.0308635	-0.0308635	
0	0	0.0438155	0.0438155	
0	0	0.0410832	0.0410832	
0	0	0.0545455	0.0545455	
0	0	-0.00944209	-0.00944209	
0	0	-0.00284385	-0.00284385	
0	0	0.0999606	0.0999606	
0	0	0.145617	0.145617	
0	0	-0.0189239	-0.0189239	
0	0	0.102105	0.102105	
0	0	-0.00144046	-0.00144046	
0	0	0.00563357	0.00563357	
0	0	0.0312154	0.0312154	
0	0	0.103625	0.103625	
0	0	-0.0456105	-0.0456105	
0	0	-0.0021917	-0.0021917	
0	0	0.0507284	0.0507284	
0	0	0.102417	0.102417	
0	0	0.0550281	0.0550281	
0	0	0.0448649	0.0448649	
0	0	0.0366528	0.0366528	
0	0	0.046245	0.046245	
0	0	0.0920181	0.0920181	
0	0	0.0273077	0.0273077	
0	0	0.0608507	0.0608507	
0	0	0.019339	0.019339	
0	0	-0.0256337	-0.0256337	
0	0	-0.00161363	-0.00161363	
0	0	0.0656495	0.0656495	
0	0	0.105966	0.105966	
0	0	0.0168314	0.0168314	
0	0	0.0534576	0.0534576	
0	0	0.114945	0.114945	
0	0	-0.0030179	-0.0030179	
0	0	-0.0251962	-0.0251962	
0	0	-0.00143026	-0.00143026	
0	0	0.0846349	0.0846349	
0	0	0.0274016	0.0274016	
0	0	0.00988254	0.00988254	
0	0	0.224497	0.224497	
0	0	0.143887	0.143887	
0	0	0.0404307	0.0404307	
0	0	0.119312	0.119312	
0	0	-0.0297386	-0.0297386	
0	0	0.0461532	0.0461532	
0	0	-0.0208179	-0.0208179	
0	0	-0.0265428	-0.0265428	
0	0	0.0132702	0.0132702	
0	0	-0.0302212	-0.0302212	
0	0	0.0110871	0.0110871	
0	0	0.0202716	0.0202716	
0	0	0.12263	0.12263	
0	0	-0.0170494	-0.0170494	
0	0	0.00035602	0.00035602	
0	0	0.0271953	0.0271953	
0	0	0.0628298	0.0628298	
0	0	0.10689	0.10689	
0	0	0.00218288	0.00218288	
0	0	0.0133993	0.0133993	
0	0	0.0117256	0.0117256	
0	0	-0.0195515	-0.0195515	
0	0	0.0318763	0.0318763	
0	0	-0.0258208	-0.0258208	
0	0	0.0825837	0.0825837	
0	0	0.00451935	0.00451935	
0	0	-0.0274112	-0.0274112	
0	0	-0.0349323	-0.0349323	
0	0	0.0576997	0.0576997	
0	0	-0.0409337	-0.0409337	
0	0	-0.00831464	-0.00831464	
0	0	0.0327973	0.0327973	
0	0	0.0499008	0.0499008	
0	0	0.104596	0.104596	
0	0	-0.0325664	-0.0325664	
0	0	0.0244529	0.0244529	
0	0	0.0549863	0.0549863	
0	0	0.0611287	0.0611287	
0	0	0.415679	0.415679	
0	0	0.206427	0.206427	
0	0	0.0157573	0.0157573	
0	0	0.0204178	0.0204178	
0	0	0.00562933	0.00562933	
0	0	0.184135	0.184135	
0	0	0.0119678	0.0119678	
0	0	-0.00161622	-0.00161622	
0	0	-0.0145508	-0.0145508	
0	0	0.0259919	0.0259919	
0	0	0.0671431	0.0671431	
0	0	0.0260008	0.0260008	
0	0	0.0502592	0.0502592	
0	0	0.0403228	0.0403228	
0	0	-0.0135737	-0.0135737	
0	0	-0.00565945	-0.00565945	
0	0	0.0289923	0.0289923	
0	0	0.0207275	0.0207275	
0	0	-0.0247504	-0.0247504	
0	0	0.054106	0.054106	
0	0	0.00142751	0.00142751	
0	0	-0.0131367	-0.0131367	
0	0	-0.0146694	-0.0146694	
0	0	-0.00393948	-0.00393948	
0	0	0.00954465	0.00954465	
0	0	0.0546891	0.0546891	
0	0	0.0433569	0.0433569	
0	0	-0.0333032	-0.0333032	
0	0	-0.00103286	-0.00103286	
0	0	-0.0168698	-0.0168698	
0	0	0.0627924	0.0627924	
0	0	-0.0203487	-0.0203487	
0	0	0.00790724	0.00790724	
0	0	-0.000603253	-0.000603253	
0	0	0.149691	0.149691	
0	0	0.0412355	0.0412355	
0	0	0.030863	0.030863	
0	0	-0.0329021	-0.0329021	
0	0	0.135356	0.135356	
0	0	0.0436437	0.0436437	
0	0	0.1269	0.1269	
0	0	-0.00752936	-0.00752936	
0	0	-0.00194683	-0.00194683	
0	0	0.099554	0.099554	
0	0	-0.00402382	-0.00402382	
0	0	0.0281436	0.0281436	
0	0	0.132922	0.132922	
0	0	0.204789	0.204789	
0	0	0.0504216	0.0504216	
0	0	0.00332577	0.00332577	
0	0	-0.0388464	-0.0388464	
0	0	-0.0177566	-0.0177566	
0	0	0.069136	0.069136	
0	0	0.144982	0.144982	
0	0	0.0324599	0.0324599	
0	0	-0.016634	-0.016634	
0	0	0.0795669	0.0795669	
0	0	0.143797	0.143797	
0	0	0.11962	0.11962	
0	0	0.115798	0.115798	
0	0	-0.0254756	-0.0254756	
0	0	0.0451	0.0451	
0	0	-0.0335413	-0.0335413	
0	0	-0.0204876	-0.0204876	
0	0	-0.0164862	-0.0164862	
0	0	-0.0226768	-0.0226768	
0	0	-0.00346497	-0.00346497	
0	0	0.0479686	0.0479686	
0	0	0.0319642	0.0319642	
0	0	0.0918833	0.0918833	
0	0	0.117445	0.117445	
0	0	0.0247701	0.0247701	
0	0	0.0941739	0.0941739	
0	0	-0.0116819	-0.0116819	
0	0	0.0439373	0.0439373	
0	0	0.234658	0.234658	
0	0	0.0389016	0.0389016	
0	0	-0.0203264	-0.0203264	
0	0	-0.00239008	-0.00239008	
0	0	0.0150247	0.0150247	
0	0	-0.0214561	-0.0214561	
0	0	0.0029678	0.0029678	
0	0	0.0227957	0.0227957	
0	0	-0.0322817	-0.0322817	
0	0	0.0201113	0.0201113	
0	0	-0.000586135	-0.000586135	
0	0	0.303168	0.303168	
0	0	0.0216781	0.0216781	
0	0	0.0322727	0.0322727	
0	0	0.100817	0.100817	
0	0	-0.028531	-0.028531	
0	0	-0.0187139	-0.0187139	
0	0	-0.00377839	-0.00377839	
0	0	0.0323661	0.0323661	
0	0	-0.0115571	-0.0115571	
0	0	-0.0103231	-0.0103231	
0	0	-0.0356759	-0.0356759	
0	0	0.0117171	0.0117171	
0	0	0.109045	0.109045	
0	0	0.142812	0.142812	
0	0	0.0827344	0.0827344	
0	0	-0.0400192	-0.0400192	
0	0	0.0235729	0.0235729	
0	0	-0.00451809	-0.00451809	
0	0	0.014735	0.014735	
0	0	-0.00773386	-0.00773386	
0	0	0.0726357	0.0726357	
0	0	0.108039	0.108039	
0	0	0.0463568	0.0463568	
0	0	0.0184132	0.0184132	
0	0	-0.0173412	-0.0173412	
0	0	0.0409834	0.0409834	
0	0	0.0441113	0.0441113	
0	0	0.0321533	0.0321533	
0	0	0.136355	0.136355	
0	0	0.000760284	0.000760284	
0	0	0.0237651	0.0237651	
0	0	0.014991	0.014991	
0	0	0.00465084	0.00465084	
0	0	0.0564234	0.0564234	
0	0	0.0608819	0.0608819	
0	0	-0.0289404	-0.0289404	
0	0	-0.00176879	-0.00176879	
0	0	0.0266863	0.0266863	
0	0	-0.0118375	-0.0118375	
0	0	0.0150976	0.0150976	
0	0	0.0263574	0.0263574	
0	0	0.0750153	0.0750153	
0	0	-0.0263458	-0.0263458	
0	0	-0.0078365	-0.0078365	
0	0	-0.0133687	-0.0133687	
0	0	0.0450009	0.0450009	
0	0	0.0269255	0.0269255	
0	0	-0.0195877	-0.0195877	
0	0	0.0621542	0.0621542	
0	0	0.367099	0.367099	
0	0	0.0476397	0.0476397	
0	0	0.0237181	0.0237181	
0	0	0.0191475	0.0191475	
0	0	0.0247489	0.0247489	
0	0	0.0372667	0.0372667	
0	0	0.0635575	0.0635575	
0	0	0.0133124	0.0133124	
0	0	0.0735954	0.0735954	
0	0	0.239036	0.239036	
0	0	-0.00660689	-0.00660689	
0	0	0.00184392	0.00184392	
0	0	0.00172631	0.00172631	
0	0	0.187454	0.187454	
0	0	-0.0317456	-0.0317456	
0	0	-0.0140014	-0.0140014	
0	0	-0.031857	-0.031857	
0	0	0.0608022	0.0608022	
0	0	-0.0257031	-0.0257031	
0	0	0.0522773	0.0522773	
0	0	0.121455	0.121455	
0	0	-0.00784157	-0.00784157	
0	0	-0.025627	-0.025627	
0	0	0.0240041	0.0240041	
0	0	0.0120769	0.0120769	
0	0	-0.014043	-0.014043	
0	0	-0.023582	-0.023582	
0	0	-0.0191461	-0.0191461	
0	0	0.0491758	0.0491758	
0	0	0.0868466	0.0868466	
0	0	0.0449948	0.0449948	
0	0	0.0499673	0.0499673	
0	0	0.0193298	0.0193298	
0	0	0.0647032	0.0647032	
0	0	0.119291	0.119291	
0	0	0.0320955	0.0320955	
0	0	-0.0159658	-0.0159658	
0	0	0.121471	0.121471	
0	0	0.015582	0.015582	
0	0	0.161973	0.161973	
0	0	0.0096975	0.0096975	
0	0	0.0143827	0.0143827	
0	0	0.0413359	0.0413359	
0	0	0.0456735	0.0456735	
0	0	-0.0065647	-0.0065647	
0	0	-0.0326898	-0.0326898	
0	0	0.10386	0.10386	
0	0	-0.0293932	-0.0293932	
0	0	-0.0286	-0.0286	
0	0	0.0510258	0.0510258	
0	0	0.0146099	0.0146099	
0	0	0.0331234	0.0331234	
0	0	0.0197332	0.0197332	
0	0	0.0834308	0.0834308	
0	0	-0.0332037	-0.0332037	
0	0	0.010059	0.010059	
0	0	-0.0413715	-0.0413715	
0	0	0.00126547	0.00126547	
0	0	-0.0261119	-0.0261119	
0	0	0.025647	0.025647	
0	0	-0.027548	-0.027548	
0	0	0.0214651	0.0214651	
0	0	0.0469625	0.0469625	
0	0	0.000529146	0.000529146	
0	0	0.036546	0.036546	
0	0	0.0234244	0.0234244	
0	0	0.0161896	0.0161896	
0	0	-0.0339831	-0.0339831	
0	0	0.0191859	0.0191859	
0	0	0.0385698	0.0385698	
0	0	0.028064	0.028064	
0	0	0.0234001	0.0234001	
0	0	0.0726794	0.0726794	
0	0	-0.000330412	-0.000330412	
0	0	-0.0236167	-0.0236167	
0	0	-0.0221365	-0.0221365	
0	0	-0.0243687	-0.0243687	
0	0	0.00495043	0.00495043	
0	0	0.122543	0.122543	
0	0	0.026879	0.026879	
0	0	0.0780785	0.0780785	
0	0	0.0378273	0.0378273	
0	0	0.105107	0.105107	
0	0	0.00422926	0.00422926	
0	0	0.00293668	0.00293668	
0	0	0.0349883	0.0349883	
0	0	0.196636	0.196636	
0	0	0.0465504	0.0465504	
0	0	0.0132152	0.0132152	
0	0	-0.0289143	-0.0289143	
0	0	0.138799	0.138799	
0	0	-0.0120551	-0.0120551	
0	0	0.0124068	0.0124068	
0	0	0.0560272	0.0560272	
0	0	0.224955	0.224955	
0	0	0.00148403	0.00148403	
0	0	0.0335221	0.0335221	
0	0	0.0116951	0.0116951	
0	0	0.0842684	0.0842684	
0	0	4.37839e-05	4.37839e-05	
0	0	0.09304	0.09304	
0	0	-0.0136758	-0.0136758	
0	0	0.00569224	0.00569224	
0	0	0.0746793	0.0746793	
0	0	-0.0342673	-0.0342673	
0	0	0.0379174	0.0379174	
0	0	-0.00110117	-0.00110117	
0	0	-0.014636	-0.014636	
0	0	-0.0046551	-0.0046551	
0	0	0.0677456	0.0677456	
0	0	-0.00643667	-0.00643667	
0	0	0.0658432	0.0658432	
0	0	0.0166262	0.0166262	
0	0	-0.019934	-0.019934	
0	0	0.0155391	0.0155391	
0	0	-0.00380331	-0.00380331	
0	0	0.301152	0.301152	
0	0	0.0657844	0.0657844	
0	0	-0.0221491	-0.0221491	
0	0	0.067053	0.067053	
0	0	0.0660148	0.0660148	
0	0	0.0433937	0.0433937	
0	0	0.0142693	0.0142693	
0	0	0.0858589	0.0858589	
0	0	0.00377715	0.00377715	
0	0	0.0250192	0.0250192	
0	0	0.0318641	0.0318641	
0	0	-0.0163603	-0.0163603	
0	0	0.0946558	0.0946558	
0	0	0.00427654	0.00427654	
0	0	0.0312277	0.0312277	
0	0	-0.0246968	-0.0246968	
0	0	0.0691966	0.0691966	
0	0	0.0252123	0.0252123	
0	0	0.00335511	0.00335511	
0	0	-0.0184331	-0.0184331	
0	0	0.0233702	0.0233702	
0	0	0.0440331	0.0440331	
0	0	0.109429	0.109429	
0	0	0.0216408	0.0216408	
0	0	-0.0229323	-0.0229323	
0	0	-0.0221132	-0.0221132	
0	0	0.00584991	0.00584991	
0	0	-0.00940712	-0.00940712	
0	0	-0.00699393	-0.00699393	
0	0	-0.0311092	-0.0311092	
0	0	-0.0233276	-0.0233276	
0	0	-0.00547091	-0.00547091	
0	0	-0.0010609	-0.0010609	
0	0	-0.00396738	-0.00396738	
0	0	0.0600073	0.0600073	
0	0	0.0382108	0.0382108	
0	0	0.0939995	0.0939995	
0	0	0.0457356	0.0457356	
0	0	0.028156	0.028156	
0	0	-0.00550425	-0.00550425	
0	0	0.157028	0.157028	
0	0	0.0475226	0.0475226	
0	0	0.057961	0.057961	
0	0	0.0638547	0.0638547	
0	0	0.0704071	0.0704071	
0	0	0.0744283	0.0744283	
0	0	0.00960726	0.00960726	
0	0	0.0143048	0.0143048	
0	0	0.0456927	0.0456927	
0	0	0.0409161	0.0409161	
0	0	0.0325718	0.0325718	
0	0	0.00090325	0.00090325	
0	0	0.0214762	0.0214762	
0	0	0.0953482	0.0953482	
0	0	0.0740983	0.0740983	
0	0	0.10263	0.10263	
0	0	-0.0404926	-0.0404926	
0	0	0.0280975	0.0280975	
0	0	0.0450759	0.0450759	
0	0	0.0525443	0.0525443	
0	0	0.00590461	0.00590461	
0	0	0.0366048	0.0366048	
0	0	-0.0222119	-0.0222119	
0	0	0.0911457	0.0911457	
0	0	-0.0153098	-0.0153098	
0	0	0.0222932	0.0222932	
0	0	0.0052641	0.0052641	
0	0	0.250073	0.250073	
0	0	0.0268826	0.0268826	
0	0	-0.012284	-0.012284	
0	0	0.0140207	0.0140207	
0	0	0.115533	0.115533	
0	0	0.0451328	0.0451328	
0	0	-0.0205212	-0.0205212	
0	0	0.0829629	0.0829629	
0	0	0.11114	0.11114	
0	0	0.0249882	0.0249882	
0	0	0.070147	0.070147	
0	0	-0.000613145	-0.000613145	
0	0	-0.000990118	-0.000990118	
0	0	0.0690565	0.0690565	
0	0	0.0474663	0.0474663	
0	0	0.0309391	0.0309391	
0	0	0.0639462	0.0639462	
0	0	0.169162	0.169162	
0	0	-0.0122824	-0.0122824	
0	0	-0.0132678	-0.0132678	
0	0	-0.0265766	-0.0265766	
0	0	0.123103	0.123103	
0	0	0.0150791	0.0150791	
0	0	-0.00474876	-0.00474876	
0	0	-0.00344033	-0.00344033	
0	0	0.0576268	0.0576268	
0	0	-0.0413786	-0.0413786	
0	0	-0.00742339	-0.00742339	
0	0	-0.0210631	-0.0210631	
0	0	-0.0289654	-0.0289654	
0	0	-0.0358736	-0.0358736	
0	0	0.124634	0.124634	
0	0	-0.0257324	-0.0257324	
0	0	0.20844	0.20844	
0	0	0.0331842	0.0331842	
0	0	0.00329713	0.00329713	
0	0	-0.0331278	-0.0331278	
0	0	-0.0352959	-0.0352959	
0	0	0.0243283	0.0243283	
0	0	-0.030487	-0.030487	
0	0	0.364416	0.364416	
0	0	-0.0138379	-0.0138379	
0	0	0.0445071	0.0445071	
0	0	0.0183429	0.0183429	
0	0	0.0596581	0.0596581	
0	0	-0.0196918	-0.0196918	
0	0	0.054251	0.054251	
0	0	0.0141651	0.0141651	
0	0	0.178544	0.178544	
0	0	0.0922699	0.0922699	
0	0	0.0421248	0.0421248	
0	0	-0.0311446	-0.0311446	
0	0	-0.0213727	-0.0213727	
0	0	0.052731	0.052731	
0	0	0.0333852	0.0333852	
0	0	-0.0171595	-0.0171595	
0	0	0.0755376	0.0755376	
0	0	0.0080677	0.0080677	
0	0	-0.0263416	-0.0263416	
0	0	0.00915677	0.00915677	
0	0	-0.0142916	-0.0142916	
0	0	-0.0324332	-0.0324332	
0	0	-0.0254902	-0.0254902	
0	0	0.0952651	0.0952651	
0	0	0.0348543	0.0348543	
0	0	0.0392724	0.0392724	
0	0	-0.0279628	-0.0279628	
0	0	0.0248233	0.0248233	
0	0	0.226219	0.226219	
0	0	0.0259816	0.0259816	
0	0	0.0808308	0.0808308	
0	0	0.0388744	0.0388744	
0	0	0.000877836	0.000877836	
0	0	-0.0044934	-0.0044934	
0	0	-0.0317746	-0.0317746	
0	0	0.0127709	0.0127709	
0	0	0.0435732	0.0435732	
0	0	0.0349007	0.0349007	
0	0	0.00915572	0.00915572	
0	0	0.109678	0.109678	
0	0	-0.00197656	-0.00197656	
0	0	0.0330852	0.0330852	
0	0	0.0740485	0.0740485	
0	0	0.0970433	0.0970433	
0	0	0.39714	0.39714	
0	0	0.0066452	0.0066452	
0	0	-0.0298466	-0.0298466	
0	0	0.00319616	0.00319616	
0	0	0.0228155	0.0228155	
0	0	0.177469	0.177469	
0	0	-0.0233291	-0.0233291	
0	0	0.0395142	0.0395142	
0	0	0.00887527	0.00887527	
0	0	0.0252284	0.0252284	
0	0	0.0690739	0.0690739	
0	0	0.0032044	0.0032044	
0	0	0.104054	0.104054	
0	0	-0.00262181	-0.00262181	
0	0	-0.0352805	-0.0352805	
0	0	0.0308303	0.0308303	
0	0	0.122075	0.122075	
0	0	-0.0167788	-0.0167788	
0	0	-0.0208135	-0.0208135	
0	0	0.0431753	0.0431753	
0	0	-0.0264502	-0.0264502	
0	0	-0.00155903	-0.00155903	
0	0	-0.0135259	-0.0135259	
0	0	0.0546658	0.0546658	
0	0	0.0500089	0.0500089	
0	0	0.156972	0.156972	
0	0	-0.0289275	-0.0289275	
0	0	0.00993632	0.00993632	
0	0	-0.0224426	-0.0224426	
0	0	0.102324	0.102324	
0	0	0.0424633	0.0424633	
0	0	-0.0230633	-0.0230633	
0	0	0.12483	0.12483	
0	0	-0.0265495	-0.0265495	
0	0	0.0666238	0.0666238	
0	0	-0.00441083	-0.00441083	
0	0	0.106669	0.106669	
0	0	-0.0178723	-0.0178723	
0	0	0.0464422	0.0464422	
0	0	-0.000658437	-0.000658437	
0	0	-0.00437795	-0.00437795	
0	0	0.0427061	0.0427061	
0	0	-0.0151994	-0.0151994	
0	0	0.00921699	0.00921699	
0	0	0.0416942	0.0416942	
0	0	0.0128866	0.0128866	
0	0	0.0373975	0.0373975	
0	0	-0.004956	-0.004956	
0	0	-0.0167154	-0.0167154	
0	0	0.173641	0.173641	
0	0	0.0135588	0.0135588	
0	0	-0.0357217	-0.0357217	
0	0	0.0409754	0.0409754	
0	0	0.155114	0.155114	
0	0	0.000818675	0.000818675	
0	0	0.00734121	0.00734121	
0	0	0.0753944	0.0753944	
0	0	0.0433254	0.0433254	
0	0	0.0286374	0.0286374	
0	0	0.0372725	0.0372725	
0	0	-0.0387333	-0.0387333	
0	0	0.0925152	0.0925152	
0	0	0.00925531	0.00925531	
0	0	0.0179472	0.0179472	
0	0	-0.0222367	-0.0222367	
0	0	0.046837	0.046837	
0	0	-0.0266001	-0.0266001	
0	0	0.122626	0.122626	
0	0	-0.00106129	-0.00106129	
0	0	-0.0275872	-0.0275872	
0	0	0.00289881	0.00289881	
0	0	-0.00850049	-0.00850049	
0	0	0.113277	0.113277	
0	0	0.0824707	0.0824707	
0	0	0.0398139	0.0398139	
0	0	0.051798	0.051798	
0	0	-0.00201238	-0.00201238	
0	0	0.0208628	0.0208628	
0	0	-0.00196649	-0.00196649	
0	0	-0.0206664	-0.0206664	
0	0	-0.00439779	-0.00439779	
0	0	0.0300187	0.0300187	
0	0	-0.017765	-0.017765	
0	0	-0.0173876	-0.0173876	
0	0	0.0280985	0.0280985	
0	0	0.0902421	0.0902421	
0	0	0.123989	0.123989	
0	0	0.0872162	0.0872162	
0	0	-0.00737714	-0.00737714	
0	0	0.0195239	0.0195239	
0	0	0.0389964	0.0389964	
0	0	0.0137167	0.0137167	
0	0	0.0302471	0.0302471	
0	0	0.0843381	0.0843381	
0	0	0.0585736	0.0585736	
0	0	-0.0199913	-0.0199913	
0	0	0.0287561	0.0287561	
0	0	0.128749	0.128749	
0	0	0.0141373	0.0141373	
0	0	0.117088	0.117088	
0	0	-0.0329194	-0.0329194	
0	0	0.0296338	0.0296338	
0	0	0.0920407	0.0920407	
0	0	-0.00598528	-0.00598528	
0	0	0.0176231	0.0176231	
0	0	0.12641	0.12641	
0	0	-0.00738539	-0.00738539	
0	0	-0.0381311	-0.0381311	
0	0	0.0583697	0.0583697	
0	0	0.00779508	0.00779508	
0	0	0.0469231	0.0469231	
0	0	0.0882304	0.0882304	
0	0	0.0182384	0.0182384	
0	0	-0.00226083	-0.00226083	
0	0	-0.0271268	-0.0271268	
0	0	0.116024	0.116024	
0	0	-0.0388849	-0.0388849	
0	0	0.197137	0.197137	
0	0	0.0382637	0.0382637	
0	0	-0.0189275	-0.0189275	
0	0	0.0819734	0.0819734	
0	0	0.101148	0.101148	
0	0	0.00742848	0.00742848	
0	0	0.091837	0.091837	
0	0	0.014094	0.014094	
0	0	0.0498297	0.0498297	
0	0	0.101974	0.101974	
0	0	-0.00472315	-0.00472315	
0	0	-0.0141963	-0.0141963	
0	0	-0.00525084	-0.00525084	
0	0	-0.0057654	-0.0057654	
0	0	0.0643899	0.0643899	
0	0	0.0971156	0.0971156	
0	0	0.00639341	0.00639341	
0	0	-0.00126619	-0.00126619	
0	0	0.197624	0.197624	
0	0	0.0146526	0.0146526	
0	0	0.0258715	0.0258715	
0	0	0.0893409	0.0893409	
0	0	0.0309318	0.0309318	
0	0	0.0584448	0.0584448	
0	0	0.00700307	0.00700307	
0	0	0.00118718	0.00118718	
0	0	0.026687	0.026687	
0	0	-0.00493786	-0.00493786	
0	0	0.0164843	0.0164843	
0	0	0.0563072	0.0563072	
0	0	-0.0254585	-0.0254585	
0	0	-0.0313002	-0.0313002	
0	0	-0.00760584	-0.00760584	
0	0	0.133567	0.133567	
0	0	0.0267385	0.0267385	
0	0	-0.0139026	-0.0139026	
0	0	-0.0231971	-0.0231971	
0	0	0.111378	0.111378	
0	0	0.0147966	0.0147966	
0	0	0.206079	0.206079	
0	0	-0.0278437	-0.0278437	
0	0	-0.00424167	-0.00424167	
0	0	0.00978333	0.00978333	
0	0	-0.015805	-0.015805	
0	0	0.0258081	0.0258081	
0	0	0.0133847	0.0133847	
0	0	0.0227876	0.0227876	
0	0	0.0342028	0.0342028	
0	0	0.0644379	0.0644379	
0	0	0.0249137	0.0249137	
0	0	0.00997056	0.00997056	
0	0	0.0231938	0.0231938	
0	0	-0.0220414	-0.0220414	
0	0	0.174446	0.174446	
0	0	-0.00848755	-0.00848755	
0	0	0.140772	0.140772	
0	0	-0.020172	-0.020172	
0	0	0.0784113	0.0784113	
0	0	0.0434213	0.0434213	
0	0	0.127472	0.127472	
0	0	-0.0284187	-0.0284187	
0	0	0.0844501	0.0844501	
0	0	-0.0380871	-0.0380871	
0	0	0.024084	0.024084	
0	0	0.197798	0.197798	
0	0	0.0700983	0.0700983	
0	0	0.0667593	0.0667593	
0	0	0.0398284	0.0398284	
0	0	0.0221605	0.0221605	
0	0	-0.0204016	-0.0204016	
0	0	-0.0186218	-0.0186218	
0	0	0.0214178	0.0214178	
0	0	-0.0356775	-0.0356775	
0	0	0.088885	0.088885	
0	0	0.0300752	0.0300752	
0	0	0.0794065	0.0794065	
0	0	0.111421	0.111421	
0	0	0.173042	0.173042	
0	0	0.0719879	0.0719879	
0	0	-0.0376488	-0.0376488	
0	0	-0.0340914	-0.0340914	
0	0	0.034516	0.034516	
0	0	0.137216	0.137216	
0	0	0.0313433	0.0313433	
0	0	0.0350106	0.0350106	
0	0	0.16034	0.16034	
0	0	0.0741508	0.0741508	
0	0	0.04725	0.04725	
0	0	-0.0112576	-0.0112576	
0	0	0.00431296	0.00431296	
0	0	0.0216577	0.0216577	
0	0	-0.0234109	-0.0234109	
0	0	0.121356	0.121356	
0	0	0.0242711	0.0242711	
0	0	-0.0105478	-0.0105478	
0	0	0.0762596	0.0762596	
0	0	0.0258969	0.0258969	
0	0	-0.00597054	-0.00597054	
0	0	0.152125	0.152125	
0	0	0.0422318	0.0422318	
0	0	0.00396511	0.00396511	
0	0	0.155158	0.155158	
0	0	0.0788924	0.0788924	
0	0	0.017604	0.017604	
0	0	0.0288714	0.0288714	
0	0	-0.0210768	-0.0210768	
0	0	0.101224	0.101224	
0	0	0.0515162	0.0515162	
0	0	-0.00558974	-0.00558974	
0	0	-0.00573926	-0.00573926	
0	0	0.0221716	0.0221716	
0	0	0.0490137	0.0490137	
0	0	0.0388185	0.0388185	
0	0	-0.0369311	-0.0369311	
0	0	0.0433724	0.0433724	
0	0	0.0651315	0.0651315	
0	0	-0.00512352	-0.00512352	
0	0	0.106074	0.106074	
0	0	0.017754	0.017754	
0	0	0.0189101	0.0189101	
0	0	-0.0161127	-0.0161127	
0	0	0.00564499	0.00564499	
0	0	0.176014	0.176014	
0	0	-0.0339465	-0.0339465	
0	0	0.0224144	0.0224144	
0	0	0.0525846	0.0525846	
0	0	0.2369	0.2369	
0	0	-0.030787	-0.030787	
0	0	-0.0146678	-0.0146678	
0	0	0.106719	0.106719	
0	0	0.0736595	0.0736595	
0	0	-0.00240808	-0.00240808	
0	0	0.00805503	0.00805503	
0	0	-0.002347	-0.002347	
0	0	-0.0262965	-0.0262965	
0	0	0.0426143	0.0426143	
0	0	0.0732275	0.0732275	
0	0	0.0470401	0.0470401	
0	0	-0.00278962	-0.00278962	
0	0	-0.00704419	-0.00704419	
0	0	0.187178	0.187178	
0	0	0.0313681	0.0313681	
0	0	0.0413139	0.0413139	
0	0	-0.0182571	-0.0182571	
0	0	-0.0258249	-0.0258249	
0	0	0.0599696	0.0599696	
0	0	0.10581	0.10581	
0	0	-0.0244879	-0.0244879	
0	0	0.0468319	0.0468319	
0	0	-0.00433968	-0.00433968	
0	0	0.0953704	0.0953704	
0	0	-0.0128912	-0.0128912	
0	0	0.0205927	0.0205927	
0	0	0.00965893	0.00965893	
0	0	-0.0133905	-0.0133905	
0	0	-0.0148589	-0.0148589	
0	0	0.0154865	0.0154865	
0	0	0.00602171	0.00602171	
0	0	0.0580036	0.0580036	
0	0	0.083214	0.083214	
0	0	-0.0125281	-0.0125281	
0	0	0.0394222	0.0394222	
0	0	0.0746958	0.0746958	
0	0	-0.00612888	-0.00612888	
0	0	0.096572	0.096572	
0	0	0.155314	0.155314	
0	0	0.00232851	0.00232851	
0	0	0.00893907	0.00893907	
0	0	0.135468	0.135468	
0	0	-0.0228135	-0.0228135	
0	0	0.0476884	0.0476884	
0	0	0.0185335	0.0185335	
0	0	-0.00892442	-0.00892442	
0	0	0.099015	0.099015	
0	0	-0.00630293	-0.00630293	
0	0	0.00527384	0.00527384	
0	0	0.0662876	0.0662876	
0	0	0.194912	0.194912	
0	0	0.0380058	0.0380058	
0	0	0.0122114	0.0122114	
0	0	0.0380243	0.0380243	
0	0	-0.0345443	-0.0345443	
0	0	0.10112	0.10112	
0	0	-0.000256813	-0.000256813	
0	0	-0.0350982	-0.0350982	
0	0	0.09283	0.09283	
0	0	0.136066	0.136066	
0	0	0.0851058	0.0851058	
0	0	-0.0187524	-0.0187524	
0	0	-0.0246377	-0.0246377	
0	0	0.291111	0.291111	
0	0	0.0300395	0.0300395	
0	0	0.0740039	0.0740039	
0	0	0.158353	0.158353	
0	0	0.128967	0.128967	
0	0	0.12488	0.12488	
0	0	0.0691019	0.0691019	
0	0	0.00729386	0.00729386	
0	0	0.14432	0.14432	
0	0	0.158171	0.158171	
0	0	0.0949159	0.0949159	
0	0	0.0706223	0.0706223	
0	0	-0.0126271	-0.0126271	
0	0	0.0493463	0.0493463	
0	0	0.195265	0.195265	
0	0	0.164058	0.164058	
0	0	0.00589485	0.00589485	
0	0	0.223642	0.223642	
0	0	-0.0288001	-0.0288001	
0	0	0.0267848	0.0267848	
0	0	0.060271	0.060271	
0	0	-0.0275057	-0.0275057	
0	0	0.0193121	0.0193121	
0	0	-0.0307639	-0.0307639	
0	0	-0.00200951	-0.00200951	
0	0	-0.0402961	-0.0402961	
0	0	0.0440508	0.0440508	
0	0	0.0169655	0.0169655	
0	0	0.0768126	0.0768126	
0	0	-0.0256043	-0.0256043	
0	0	-0.00886398	-0.00886398	
0	0	-0.00504297	-0.00504297	
0	0	-0.0369578	-0.0369578	
0	0	0.0390807	0.0390807	
0	0	-0.00650735	-0.00650735	
0	0	-0.00480426	-0.00480426	
0	0	0.133886	0.133886	
0	0	-0.00505563	-0.00505563	
0	0	0.0172403	0.0172403	
0	0	-0.0271753	-0.0271753	
0	0	0.0324893	0.0324893	
0	0	-0.0137925	-0.0137925	
0	0	0.0313246	0.0313246	
0	0	0.109301	0.109301	
0	0	-0.0198809	-0.0198809	
0	0	-0.0223866	-0.0223866	
0	0	-0.0131716	-0.0131716	
0	0	0.0878065	0.0878065	
0	0	-0.0195214	-0.0195214	
0	0	0.0355993	0.0355993	
0	0	-0.0217178	-0.0217178	
0	0	0.0345479	0.0345479	
0	0	0.0287571	0.0287571	
0	0	-0.00282074	-0.00282074	
0	0	0.00512031	0.00512031	
0	0	0.104541	0.104541	
0	0	0.0230148	0.0230148	
0	0	-0.0268513	-0.0268513	
0	0	-0.00893889	-0.00893889	
0	0	0.0313886	0.0313886	
0	0	0.0378969	0.0378969	
0	0	-0.0124715	-0.0124715	
0	0	0.115431	0.115431	
0	0	0.148025	0.148025	
0	0	-0.00141293	-0.00141293	
0	0	0.0191496	0.0191496	
0	0	0.118663	0.118663	
0	0	0.0102533	0.0102533	
0	0	-0.00173273	-0.00173273	
0	0	0.0703497	0.0703497	
0	0	0.0981285	0.0981285	
0	0	0.0315648	0.0315648	
0	0	0.0613787	0.0613787	
0	0	0.202688	0.202688	
0	0	0.0037274	0.0037274	
0	0	0.116761	0.116761	
0	0	-0.0111141	-0.0111141	
0	0	0.0422054	0.0422054	
0	0	-0.00251697	-0.00251697	
0	0	-0.00961572	-0.00961572	
0	0	-0.00329146	-0.00329146	
0	0	0.0257427	0.0257427	
0	0	0.207092	0.207092	
0	0	0.024482	0.024482	
0	0	0.147504	0.147504	
0	0	-0.0113324	-0.0113324	
0	0	-0.00432639	-0.00432639	
